0;
1;30;240;60;360;120;300;180;360;210;240
1;
1;
1;240;360;270;240
1;270;240;330;240;360;360;330;360;316;331;284;331;270;360;240;360
1;290;309;313;309;300;270;290;309
1;210;240;180;240;159;294;119;261;79;295;60;240;30;240
1;
1;390;360;420;240;480;300;540;240;570;360;540;360;525;291;480;330;432;293;420;360;390;360
1;600;240;600;360
1;600;240;660;240;690;270;660;300;703;330;678;359;600;360
1;619;257;620;284;652;283;662;273;649;256;619;257
1;623;317;624;346;659;345;672;332;658;317;623;317
1;733;240;733;361;810;360;810;240;733;240
4;
1;750;260;750;341;789;341;789;261;750;260
